1.561271841637790203e-03
1.266769948415458202e-03
9.679832146503031254e-04
7.452562567777931690e-04
5.882517434656620026e-04
4.777469148393720388e-04
3.986753290519118309e-04
3.406905743759125471e-04
2.970610803458839655e-04
2.633452822919934988e-04
2.366908593103289604e-04
2.151654043700546026e-04
1.974474289454519749e-04
1.826038205763325095e-04
1.700039283605292439e-04
1.591739855939522386e-04
1.497353950981050730e-04
1.414333237335085869e-04
1.340755552519112825e-04
1.275076065212488174e-04
1.215930751641280949e-04
1.162431581178680062e-04
1.113729813368991017e-04
1.069357313099317253e-04
1.028620899887755513e-04
9.910606604535132647e-05
9.563591447658836842e-05
9.242387022823095322e-05
8.943757711676880717e-05
8.665226778248324990e-05
8.405893458984792233e-05
8.162769518094137311e-05
7.934439054224640131e-05
7.720405119471251965e-05
7.518079655710607767e-05
7.328336505452170968e-05
7.148690201574936509e-05
6.978993769735097885e-05
6.818590190960094333e-05
6.665958790108561516e-05
6.521358591271564364e-05
6.384539301507174969e-05
6.253978062886744738e-05
6.130136898718774319e-05
6.011642835801467299e-05
5.898399103898555040e-05
5.790456634713336825e-05
5.686852455255575478e-05
5.587996929534710944e-05
5.492821946972981095e-05
2.218595594167709351e-01
2.173041552305221558e-01
2.134297192096710205e-01
2.104414105415344238e-01
2.080817520618438721e-01
2.061580866575241089e-01
2.045466899871826172e-01
2.031673938035964966e-01
2.019663751125335693e-01
2.009059488773345947e-01
1.999587714672088623e-01
1.991044431924819946e-01
1.983275115489959717e-01
1.976159512996673584e-01
1.969602853059768677e-01
1.963528990745544434e-01
1.957875490188598633e-01
1.952591836452484131e-01
1.947635263204574585e-01
1.942970305681228638e-01
1.938566416501998901e-01
1.934397667646408081e-01
1.930441707372665405e-01
1.926679164171218872e-01
1.923093497753143311e-01
1.919669508934020996e-01
1.916393786668777466e-01
1.913255006074905396e-01
1.910242736339569092e-01
1.907347589731216431e-01
1.904560923576354980e-01
1.901875883340835571e-01
1.899285614490509033e-01
1.896783411502838135e-01
1.894364207983016968e-01
1.892022788524627686e-01
1.889754682779312134e-01
1.887555569410324097e-01
1.885421425104141235e-01
1.883348822593688965e-01
1.881334781646728516e-01
1.879375725984573364e-01
1.877469420433044434e-01
1.875612735748291016e-01
1.873803585767745972e-01
1.872039735317230225e-01
1.870318800210952759e-01
1.868638992309570312e-01
1.866998374462127686e-01
1.865395456552505493e-01
